sl_mult_trending_low: 2.8108904159657686
tp_mult_trending_low: 7.704285838459497
sl_mult_trending_high: 4.92797576724562
tp_mult_trending_high: 3.595304694689628
sl_mult_sideways: 1.4680559213273097
tp_mult_sideways: 1.4679835610086078
sl_mult_choppy: 2.232334448672798
tp_mult_choppy: 3.5985284373248057
time_barrier_bars: 54
prob_floor_trending_low: 0.5849687093355255
prob_floor_trending_high: 0.5226759842584543
prob_floor_sideways: 0.6454864778242991
prob_floor_choppy: 0.6748663961200633
kelly_frac_trending_low: 0.28493564427131046
kelly_frac_trending_high: 0.2045474901621302
kelly_frac_sideways: 0.19585112746335845
target_vol_trending_low: 0.09650906915514453
target_vol_trending_high: 0.08198051453057903
max_risk_pct: 1.3638900372842315
min_inter_trade_bars: 11
max_daily_trades: 4
soft_reduction_floor: 0.19882285122821464
