symbol: BTCUSDT
timestamp: '2026-05-21T07:16:25.362269'
n_trials: 100
best_trial: 92
best_sharpe: -0.475796345999277
best_return: -0.00025609766497109376
best_drawdown: -0.0008540566917521698
best_win_rate: 0.5454545454545454
best_n_trades: 33
